feed,title,long_url,short_url
ZeroHedgeRU,"""Dramatically Less Accessible To The Average Fan"": Knicks Finals Tickets At MSG Sell From $3K To $280K",https://www.zerohedge.com/markets/dramatically-less-accessible-average-fan-knicks-finals-tickets-msg-sell-3k-280k,
ZeroHedgeRU,Commodity Markets Are Living On Borrowed Time,https://www.zerohedge.com/commodities/commodity-markets-are-living-borrowed-time,
