feed,title,long_url,short_url
Investing,Concerned About Volatility In AbbVie Stock? Try A 'Poor Person's Covered Call',https://investing.com/analysis/-200601209,
