feed,title,long_url,short_url
SeekingAlpha,Wall Street Breakfast: Disney Streaming Growth Speeds Up (Podcast),https://seekingalpha.com/article/4510559,
