feed,title,long_url,short_url
💰Barrons,Four Rare-Earth Mines Rule the Industry. Why More Are Needed in the Age of AI.,https://barrons.com/articles/rare-earth-mines-robots-ai-04d5c4c3?mod=RTA,
