feed,title,long_url,short_url
ZyCrypto,SOL Strategies Files Prospectus To Raise Up To $1 Billion To Boost Its Solana Investment,https://zycrypto.com/sol-strategies-files-prospectus-to-raise-up-to-1-billion-to-boost-its-solana-investment/,https://da.gd/Qj8fp
ZyCrypto,Pakistan To Launch Strategic Bitcoin Reserve Amid Global Race For Digital Gold,https://zycrypto.com/pakistan-to-launch-strategic-bitcoin-reserve-amid-global-race-for-digital-gold/,https://da.gd/Rzf6QX
