feed,title,long_url,short_url
💰Barrons,Tesla Stock Is Up. It Just Hit This Milestone.,https://barrons.com/articles/tesla-stock-pricetarget-bead56a4?mod=RTA,https://da.gd/ZRumgT
