feed,title,long_url,short_url
ETFdb,"In the 2nd Half, Lean on Quality With Corporate Bonds",https://etfdb.com/esg-channel/in-the-2nd-half-lean-on-quality-with-corporate-bonds/,https://da.gd/aFUCC
ETFdb,It's The Economy That Matters: Optimism Powers Resilience,https://etfdb.com/portfolio-strategies-channel/its-the-econom-that-matters-optimism-powers-resilience/,https://da.gd/IEqYwx
