feed,title,long_url,short_url
Investing,Mexico’s Sheinbaum taps new agriculture minister,https://www.investing.com/news/commodities-news/mexicos-sheinbaum-taps-new-agriculture-minister-4654714,
