feed,title,long_url,short_url
Investopedia,"I Bonds vs. Today's Best CDs: What’s Smarter Right Now? By Sabrina Karl Updated Jun 06, 2024",https://investopedia.com/--8659703,
Investopedia,"Top CDs Today, June 6, 2024 - Lock in a 6.00% Rate for 10 Months By Sabrina Karl Published Jun 06, 2024",https://investopedia.com/--8659843,
