feed,title,long_url,short_url
AmbCrypto,Dogecoin’s ‘big boys’ are buying: Should you do the same?,https://ambcrypto.com/dogecoins-big-boys-are-buying-should-you-do-the-same/,https://da.gd/LgNV7K
