feed,title,long_url,short_url
SeekingAlpha,Galaxy Digital is said to lay off 20% of its workforce in wake of crypto bear market,https://seekingalpha.com/news/3898592,
SeekingAlpha,Atai Life Sciences a buy at Loop Capital on psychedelic wave for mental health treatments,https://seekingalpha.com/news/3898586,
