feed,title,long_url,short_url
Yahoo,Technical Assessment: Bullish in the Intermediate-Term,https://finance.yahoo.com/research/reports/ARGUS_40770_TechnicalAnalysis_1722423493000?yptr=yahoo&ncid=yahooproperties_plusresear_nm5q6ze1cei,https://da.gd/32uMy
Yahoo,"Market Digest: HWM, BMY, GLW, ITW, MCD, NSC, PEG, SAP, AGNC, IQV, PYPL",https://finance.yahoo.com/research/reports/ARGUS_40768_MarketSummary_1722422799000?yptr=yahoo&ncid=yahooproperties_plusresear_nm5q6ze1cei,https://da.gd/3iAMxp
Yahoo,Daily – Vickers Top Buyers & Sellers for 07/31/2024,https://finance.yahoo.com/research/reports/ARGUS_40767_TopBottomInsiderActivity_1722422494000?yptr=yahoo&ncid=yahooproperties_plusresear_nm5q6ze1cei,https://da.gd/uSLRm
