feed,title,long_url,short_url
Reuters,"Wall St gains on Disney's surprise profit, fiscal aid hopes",https://reuters.com/article/idUSL4N2F73YD,
