feed,title,long_url,short_url
Bitcoin.com,Ripple Positions Custody as Core to Institutional Crypto Growth,https://news.bitcoin.com/ripple-positions-custody-as-core-to-institutional-crypto-growth/,
