feed,title,long_url,short_url
Benzinga,Microsoft's Astonishing Comeback - Its Stunning 974% Decade Growth and the Promise of More to Come!,https://benzinga.com/24/04/38055781/microsofts-astonishing-comeback-its-stunning-974-decade-growth-and-the-promise-of-more-to-come,https://da.gd/YPjP
