feed,title,long_url,short_url
Benzinga,This Fun Utility Vehicle (FUV) Makes You Wish You Had One or Two or a Fleet,https://benzinga.com/markets/emerging-markets/21/07/21880106/this-fun-utility-vehicle-fuv-makes-you-wish-you-had-one-or-two-or-a-fleet,https://j.mp/3wu8bIk
