feed,title,long_url,short_url
SeekingAlpha,The TJX Companies: Reality Check On The Treasure Hunt Deals,https://seekingalpha.com/article/4703256,
