feed,title,long_url,short_url
💰Barrons,TSMC Stock Falls. Why Trump Is a Threat to the Chip Maker.,https://barrons.com/articles/tsmc-stock-trump-taiwan-e70d6c61?mod=RTA,https://da.gd/Bmh8K
