feed,title,long_url,short_url
SeekingAlpha,Oconee Federal Financial completes acquisition of Mutual Savings Bank,https://seekingalpha.com/news/4061260,
SeekingAlpha,"SunPower gets another loan waiver, $20M in financing from top shareholders",https://seekingalpha.com/news/4061259,
SeekingAlpha,Roche slips amid disappointing guidance for 2024,https://seekingalpha.com/news/4061258,
