feed,title,long_url,short_url
InvestorPlace,7 Oversold Stocks to Scoop Up in May 2022,https://investorplace.com/2022/04/7-oversold-stocks-to-scoop-up-in-may-2022/,https://bit.ly/3rT0mfF
