feed,title,long_url,short_url
Yahoo,Asia Equities Drop Following Wall Street’s Decline: Markets Wrap,https://finance.yahoo.com/news/asia-stocks-fall-fed-minutes-222440661.html,https://da.gd/E85WG
