feed,title,long_url,short_url
Benzinga,Check Out What Whales Are Doing With LUV,https://benzinga.com/insights/options/24/06/39279158/check-out-what-whales-are-doing-with-luv,https://da.gd/7MJ3lz
Benzinga,AppLovin's Options Frenzy: What You Need to Know,https://benzinga.com/insights/options/24/06/39279156/applovins-options-frenzy-what-you-need-to-know,https://da.gd/cOnHeI
Benzinga,Decoding Dell Technologies's Options Activity: What's the Big Picture?,https://benzinga.com/insights/options/24/06/39279154/decoding-dell-technologiess-options-activity-whats-the-big-picture,https://da.gd/N8MRL
