feed,title,long_url,short_url
SeekingAlpha,Palo Alto Networks Is A 33% Free Cash Flow Margin Cow,https://seekingalpha.com/article/4546830,
