feed,title,long_url,short_url
Coinfomania,Pi Network Launches RPC Server on Testnet for Smart Contracts,https://coinfomania.com/pi-network-launches-rpc-server-on-testnet-for-smart-contracts/,
