feed,title,long_url,short_url
Motley,3 Risks That Investors Should Understand Before Buying Toast Stock,https://www.fool.com/investing/2024/10/26/3-risks-that-investors-understand-toast-stock/?source=iedfolrf0000001,https://da.gd/wcthSf
Motley,This 1 Simple ETF Could Turn $300 a Month Into $1 Million,https://www.fool.com/investing/2024/10/26/this-1-simple-etf-could-turn-300-a-month-into-1-mi/?source=iedfolrf0000001,https://da.gd/CWGyxO
