feed,title,long_url,short_url
DailyCoin,Shiba Mobile: How to Top-Up Your Phone with Shiba Inu,https://dailycoin.com/shiba-mobile-how-to-top-up-phone-with-shiba-inu/,https://da.gd/nrYe72
