feed,title,long_url,short_url
Investing,Market Corrections Are More Common Than You Think,https://www.investing.com/analysis/market-corrections-are-more-common-than-you-think-200656568,https://da.gd/QNlpz
