feed,title,long_url,short_url
SeekingAlpha,Politics And The Markets 10/22/22,https://seekingalpha.com/article/4543052,
