feed,title,long_url,short_url
Yahoo,Alibaba’s First Sales Miss in Two Years Shows Crackdown Toll,https://finance.yahoo.com/news/alibaba-first-sales-miss-two-135433770.html?.tsrc=rss,https://yhoo.it/3lrCo8K
