feed,title,long_url,short_url
SeekingAlpha,Worsening drought seen as next big threat of economic disruption,https://seekingalpha.com/news/3875241,
