feed,title,long_url,short_url
Benzinga,Thrifting Side Hustle That 'Doesn't Feel Like Work' Brings In Extra $10K Per Month For 23-Year-Old With Full-Time Job,https://benzinga.com/news/24/02/37345992/thrifting-side-hustle-that-doesnt-feel-like-work-brings-in-extra-10k-per-month-for-23-year-old-with,https://da.gd/1uFz
