feed,title,long_url,short_url
SeekingAlpha,Best E-Commerce Profit Margin And 9x EPS: eBay Left For Dead,https://seekingalpha.com/article/4553957,
