feed,title,long_url,short_url
SeekingAlpha,Quarterly Review Of DivGro: Q3-2021,https://seekingalpha.com/article/4469277,
