feed,title,long_url,short_url
SeekingAlpha,Price-To-Free-Cash-Flow Investing,https://seekingalpha.com/article/4510324,
