feed,title,long_url,short_url
SeekingAlpha,New immigration order will see border action from Biden,https://seekingalpha.com/news/4112589,
