feed,title,long_url,short_url
gNews,Can You Become a Millionaire With Only S&P 500 Index Funds? - The Motley Fool,https://news.google.com/rss/articles/CBMiXWh0dHBzOi8vd3d3LmZvb2wuY29tL2ludmVzdGluZy8yMDIzLzAzLzAyL2Nhbi15b3UtYmVjb21lLWEtbWlsbGlvbmFpcmUtd2l0aC1vbmx5LXNwLTUwMC1pbmRlL9IBAA?oc=5,https://da.gd/f2txpM
