feed,title,long_url,short_url
InvestorPlace,The 680% Winner You Should Trim Today,https://investorplace.com/2026/08/680-winner-trim-today/,
InvestorPlace,Is This Record-High Market Overbought? (Plus: 2 Top Stocks to Buy Now),https://investorplace.com/market360/2026/08/is-this-record-high-market-overbought-plus-2-top-stocks-to-buy-now/,
