feed,title,long_url,short_url
ZyCrypto,XRP Forming ‘Slingshot’ For New All-Time High Price As Buyer Pressure Returns,https://zycrypto.com/xrp-forming-slingshot-for-new-all-time-high-price-as-buyer-pressure-returns/,
