feed,title,long_url,short_url
DailyCoin,Bitcoin NFTs: What Makes BTC JPEGs so Extra-Ordinal?,https://dailycoin.com/bitcoin-nfts-what-makes-btc-jpegs-extra-ordinal/,https://da.gd/7nBrkF
