feed,title,long_url,short_url
Investing,"Law enforcement should give up trying to access everyone’s data, says legal expert",https://investing.com/news/-2875573,
Investing,China's Chery in talks to produce cars in Russian plants -TASS,https://investing.com/news/-2875574,
Investing,Marketmind: Markets left in limbo,https://investing.com/news/-2875560,
