feed,title,long_url,short_url
CryptoDailyUK,AMD Stock Reaction: Record Sales Meet Tougher AI Expectations,https://cryptodaily.co.uk/2026/08/amd-stock-reaction-record-sales-ai-expectations,
CryptoDailyUK,Ethereum Reward Burns Could Cap Issuance as Staking Grows,https://cryptodaily.co.uk/2026/08/ethereum-reward-burns-cap-issuance,
