feed,title,long_url,short_url
AmbCrypto,Could Sonic’s $74.59M token unlock lead to another 42% price dip?,https://ambcrypto.com/could-sonics-74-59m-token-unlock-lead-to-another-42-price-dip/,
