feed,title,long_url,short_url
SeekingAlpha,Bitcoin Macro Update: Bearish Until October,https://seekingalpha.com/article/4481461,
