feed,title,long_url,short_url
Motley,Tesla Stock Just Made a New 52-Week Low. Here's Why It's a Buy Right Now.,https://www.fool.com/investing/2022/10/21/tesla-stock-made-new-52-week-low-why-buy-right-now/?source=iedfolrf0000001,https://bit.ly/3Sfd5DO
