feed,title,long_url,short_url
CryptoNewsFlash,Franklin Templeton Cautions Against ‘Feedback Loop’ Risks in Crypto Treasury Sector,https://crypto-news-flash.com/franklin-templeton-cautions-against-feedback-loop-risks-in-crypto-treasury-sector/,
