feed,title,long_url,short_url
gNews,What's Happening With Robinhood Stock? - Nasdaq,https://www.nasdaq.com/articles/whats-happening-with-robinhood-stock-2021-09-08,https://j.mp/3hdA7Lo
gNews,4 Robinhood Penny Stocks to Watch Under $2 Right Now - Penny Stocks,https://pennystocks.com/featured/2021/09/07/4-robinhood-penny-stocks-watch-under-2-now/,https://j.mp/3zVgoYq
