feed,title,long_url,short_url
Investing,Do Kwon extradition approved by Montenegro court,https://www.investing.com/news/cryptocurrency-news/do-kwon-extradition-approved-by-montenegro-court-3243063,https://da.gd/HstpqG
