feed,title,long_url,short_url
SeekingAlpha,Knight-Swift Transportation: Trucking Towards A High Return,https://seekingalpha.com/article/4552500,
