feed,title,long_url,short_url
Investopedia,"Why Millennial Investors Are Getting Increasingly Risk Averse By Trina Paul Published Sep 25, 2024",https://investopedia.com/--8717567,
