feed,title,long_url,short_url
Motley,Biogen's Alzheimer's Drug Deals With CVS and Cigna: What Investors Should Know,https://www.fool.com/investing/2021/06/19/biogens-alzheimers-drug-deals-with-cvs-and-cigna-w/?source=iedfolrf0000001,https://j.mp/2UjX8UD
