feed,title,long_url,short_url
ZyCrypto,"Ancient Bitcoin Whales Transfer 14K BTC After Seven Years, What’s Going On?",https://zycrypto.com/ancient-bitcoin-whales-transfer-14k-btc-after-seven-years-whats-going-on/,https://da.gd/BK1AQE
