feed,title,long_url,short_url
SeekingAlpha,Block: Absolute Disaster,https://seekingalpha.com/article/4523149,
