feed,title,long_url,short_url
gNews,What JPMorgan Must Do To Get The Stock Market's Respect - Forbes,https://www.forbes.com/sites/stevedenning/2022/05/30/what-jpmorgan-must-do-to-get-the-stock-markets-respect/,https://bit.ly/3x0H9u8
