feed,title,long_url,short_url
Benzinga,"Cyber Insurance Market to Register Stunning CAGR of 25.3% during 2021-2028| Cyber Insurance Industry, Size, Share, development by 2028",https://benzinga.com/pressreleases/22/01/g25177669/cyber-insurance-market-to-register-stunning-cagr-of-25-3-during-2021-2028-cyber-insurance-industry,
