feed,title,long_url,short_url
BeInCrypto,"Coffeezilla ‘Speechless’ Over Michael Lewis’ New Book, Alleges Defense of SBF",https://beincrypto.com/coffeezilla-michael-lewis-book-sbf/,https://da.gd/zHaL
BeInCrypto,Dominic Williams Unveilsthe Disruptive Impact of How the Internet Computer Is Reshaping Traditional Cloud Services at Swiss Blockchain Capital Day,https://beincrypto.com/swiss-blockchainlabs-announce-a-swiss-blockchain-capital-day/,https://da.gd/yBKA
