feed,title,long_url,short_url
Coinfomania,Starknet Hosts Discussion on Privacy Solutions — And Why It’s Not Just Hype,https://coinfomania.com/starknet-hosts-discussion-on-privacy-solutions-and-why-its-not-just-hype/,
