feed,title,long_url,short_url
Motley,3 Reasons To Invest in Blue-Chip Stocks in 2022,https://www.fool.com/investing/2022/01/07/3-reasons-to-invest-in-blue-chip-stocks-in-2022/?source=iedfolrf0000001,https://j.mp/3n3QQ7b
Motley,"3 Stocks That Can Turn $100,000 Into $1 Million by 2030",https://www.fool.com/investing/2022/01/07/3-stocks-that-can-turn-100000-into-1-million-by-20/?source=iedfolrf0000001,https://j.mp/3F87qJ4
