feed,title,long_url,short_url
Yahoo,Haldirams confirms arrival of more investors in equity round,https://finance.yahoo.com/news/haldirams-confirms-arrival-more-investors-120348733.html,https://da.gd/GvTXtj
Yahoo,Short-Term Bull Signal Facing Off With Long-Term Alarm,https://finance.yahoo.com/news/short-term-bull-signal-facing-120002955.html,https://da.gd/CRX3iS
Yahoo,Monday.com Ltd. (MNDY) Fell as it Failed to Sustain the Momentum,https://finance.yahoo.com/news/monday-com-ltd-mndy-fell-115944645.html,https://da.gd/55jFNa
Yahoo,"Analyst Report: Consolidated Edison, Inc",https://finance.yahoo.com/research/reports/ARGUS_2917_AnalystReport_1743592090000?yptr=yahoo&ncid=yahooproperties_plusresear_nm5q6ze1cei,https://da.gd/qAKcL
Yahoo,Tesla Deliveries Are Due Before The Stock Market Open. Here's What To Know. (Live Coverage),https://www.investors.com/news/tesla-stock-market-tesla-deliveries/?src=A00220&yptr=yahoo,https://da.gd/Xakm2
Yahoo,What Makes CrowdStrike Holdings (CRWD) a Lucrative Investment?,https://finance.yahoo.com/news/makes-crowdstrike-holdings-crwd-lucrative-115656676.html,https://da.gd/UrdrL
Yahoo,3 Ways Taxing the Rich Would Help the Middle Class — And 2 Ways It Wouldn’t,https://finance.yahoo.com/news/3-ways-taxing-rich-help-120318904.html,https://da.gd/3RaQsD
Yahoo,"Just How Rich Are Popular Money Experts Like Orman, Ramsey and Others?",https://finance.yahoo.com/news/just-rich-popular-money-experts-120312719.html,https://da.gd/1X9ifZ
Yahoo,Waverly Advisors takes over Boston’s NBW Capital,https://finance.yahoo.com/news/waverly-advisors-takes-over-boston-115813982.html,https://da.gd/ndEY0
Yahoo,Technotrans reports stable 2024 performance,https://finance.yahoo.com/news/technotrans-reports-stable-2024-performance-115625413.html,https://da.gd/oNGHNi
