feed,title,long_url,short_url
ETFTrends,Unlocking $50 Billion Across the Nuclear Value Chain,https://www.etftrends.com/nuclear-energy-content-hub/unlocking-50-billion-across-the-nuclear-value-chain/,
