feed,title,long_url,short_url
ZeroHedgeRU,China Emerges As Second-Largest Bitcoin Mining-Hub Despite Ban,https://www.zerohedge.com/crypto/china-emerges-second-largest-bitcoin-mining-hub-despite-ban,https://bit.ly/3wqmOzx
