feed,title,long_url,short_url
SeekingAlpha,"Ault Alliance terminates ATM equity offering, shares rise",https://seekingalpha.com/news/3946746,
SeekingAlpha,Centene: A 'Check Down' Play,https://seekingalpha.com/article/4586935,
