feed,title,long_url,short_url
SeekingAlpha,Asia-Pacific markets largely higher despite disappointing China’s factory activity data,https://seekingalpha.com/news/3912223,
