feed,title,long_url,short_url
SeekingAlpha,Vice Chair Clarida hints the Fed won't know where it stands until next year: At the Open,https://seekingalpha.com/news/3680653,
SeekingAlpha,Iterum shares plunge 19% as FDA needs more review time for sulopenem NDA,https://seekingalpha.com/news/3680665,
SeekingAlpha,Toshiba board strikes pessimistic tone on CVC's $21B take private offer,https://seekingalpha.com/news/3680667,
SeekingAlpha,Lite Access Technologies makes key appointments,https://seekingalpha.com/news/3680666,
