feed,title,long_url,short_url
💰Barrons,Boeing Stock Jumps on News About 737 MAX Production,https://barrons.com/articles/boeing-stock-737-max-production-968a7120?mod=RTA,https://da.gd/EjWov
