feed,title,long_url,short_url
MarketWatch,"Brett Arends's ROI: If you want to change careers after 45, you need to do this one thing first",http://www.marketwatch.com/news/story.asp?guid=%7B20C05575-04D4-B545-7538-DDB315604FCA%7D&siteid=rss&rss=1,https://on.mktw.net/3eBRWmf
