feed,title,long_url,short_url
Investing,Will China's 'Bazooka' Measures Resolve the Deep-Rooted Economic Challenges?,https://www.investing.com/analysis/will-chinas-bazooka-measures-resolve-the-deeprooted-economic-challenges-200652308,https://da.gd/766J
