feed,title,long_url,short_url
SeekingAlpha,"J.B. Hunt: Hold, The Bullish Momentum Is Weakening",https://seekingalpha.com/article/4638092,
SeekingAlpha,'Soft Landing' Hope By The Fed Is Likely Optimistic,https://seekingalpha.com/article/4638095,
SeekingAlpha,Embraer: An Undervalued Contender Primed For Expansion,https://seekingalpha.com/article/4638091,
