feed,title,long_url,short_url
SeekingAlpha,Kemper prices $400M debt offering,https://seekingalpha.com/news/3616392,
SeekingAlpha,Sectors And Electors,https://seekingalpha.com/article/4375860,
