feed,title,long_url,short_url
Motley,All Eyes Are on SpaceX's Next Share Unlock on Sept. 9. But These 3 Unstoppable Growth Stocks Are Better Buys Hiding in Plain Sight.,https://www.fool.com/investing/2026/09/04/all-eyes-are-on-spacexs-next-share-unlock-on-sept/?source=iedfolrf0000001,
Motley,"The U.S. Economy Just Added 162,000 Jobs in August, Blowing Past Estimates: That's Both Good and Bad News for the Stock Market.",https://www.fool.com/investing/2026/09/04/the-u-s-economy-just-added-162-000-jobs-in-august-blowing-past-estimates-that-s-both-good-and-bad-news-for-the-stock-market/?source=iedfolrf0000001,
