feed,title,long_url,short_url
Bitcoin.com,Quantum-Safe Quantus Launches QTC Token Trading via Near Intents,https://news.bitcoin.com/blockchain/quantum-safe-quantus-launches-qtc-token-near-intents-trading/,
