feed,title,long_url,short_url
Benzinga,NAV Fund Administration Group Earns Two Industry Awards,https://www.benzinga.com/pressreleases/20/11/n18326300/nav-fund-administration-group-earns-two-industry-awards,https://j.mp/3lqseCs
