feed,title,long_url,short_url
ETFdb,CATL Is the EV Battery Leader and How to Gain Exposure,https://etfdb.com/china-insights-channel/catl-is-the-ev-battery-leader-and-how-to-gain-exposure/,https://bit.ly/3ViewnJ
ETFdb,Midterm Elections Show Need for Robust Cybersecurity,https://etfdb.com/etf-education-channel/midterm-elections-show-need-for-robust-cybersecurity/,https://bit.ly/3EAdZaW
