feed,title,long_url,short_url
FXEmpire,British financial services achieve third quarter of growth -survey,https://www.fxempire.com/news/article/british-financial-services-achieve-third-quarter-of-growth-survey-864272,https://j.mp/3GizWcp
FXEmpire,A third of commodity-hungry firms have no deforestation policy – report,https://www.fxempire.com/news/article/a-third-of-commodity-hungry-firms-have-no-deforestation-policy-report-864273,https://j.mp/3qkXPub
