feed,title,long_url,short_url
Benzinga,Ex-Trump Aide Anthony Scaramucci Strikes Cautionary Note For Crypto Investors: 'Be Very Worried About The Courts And The Fed' Under Former President,https://benzinga.com/markets/cryptocurrency/24/08/40092462/ex-trump-aide-anthony-scaramucci-strikes-cautionary-note-for-crypto-investors-be-very-worr,https://da.gd/hWxSNj
