feed,title,long_url,short_url
SeekingAlpha,BUI Vs. DNP: One Clear Winner Amongst Utility CEFs,https://seekingalpha.com/article/4655784,
SeekingAlpha,CrowdStrike Is Up 81% Since My Double-Down; Too Late To Buy Now?,https://seekingalpha.com/article/4655809,
SeekingAlpha,FTXL: Semiconductors With A Value Tilt,https://seekingalpha.com/article/4655892,
